979
2744
5409
1364
4948
4994
5089
703
1994
4637
2228
4004
1088
2812
170
5179
2614
238
4523
4849
3592
3258
1951
3440
3977
1247
4076
1824
4759
4855
5430
347
974
5180
5159
3074
4462
3600
5824
1490
1941
4744
855
4940
1442
792
609
254
2203
2343
2550
1955
5513
4725
2935
4024
4979
5765
625
2888
924
5989
4119
1572
176
2773
3800
200
3389
4245
3849
3170
4773
2344
1413
292
2603
4694
5579
4012
5584
5352
3293
5516
1008
5395
545
3340
4967
2050
870
2462
2606
4850
4731
450
4052
1279
2506
3937
396
222
3928
2557
3070
444
2599
3462
2418
1180
3290
2046
493
2708
3650
973
57
1846
3300
265
3572
3543
4439
1807
2901
1199
2001
4784
1579
1227
1482
5656
1116
5047
774
3544
3369
1313
984
5002
2889
3439
1860
4113
3522
5652
4101
2226
5552
3570
3368
5275
1650
755
3589
5262
2335
1678
2721
4746
1629
4664
5018
5296
3222
2666
3766
4294
5303
1876
4891
2543
4493
4197
3753
4652
5379
3880
3433
4318
4140
1329
4078
5542
3251
4669
1528
2247
3082
1170
4298
4541
4858
3294
1468
4383
2092
2859
5258
3951
1820
4774
1361
1069
3755
334
2502
1569
4349
5916
3446
274
5624
207
2281
5323
642
5835
3345
439
3918
574
3505
5165
4112
1759
5598
4305
1338
2030
3167
2044
413
3534
1702
270
2378
3888
2360
4988
4435
1322
5714
2321
1635
3260
2157
1453
4022
2319
2733
210
3500
4177
633
3303
1092
4166
4797
3023
2496
4282
4086
4883
640
2940
107
894
2210
72
4962
797
2701
5925
2895
43
4091
4169
1828
1988
2475
323
5735
772
3771
3933
124
2865
983
2271
3889
1211
4106
5363
5111
4411
4273
2422
3042
3594
5215
4818
5290
4687
1284
1902
5591
3349
1698
4572
2836
4073
7
3523
1857
3360
2816
2222
2850
5577
2722
3822
3284
1831
3801
2270
5744
3524
3009
3616
660
4709
511
4785
837
4333
3037
4514
3805
5637
5799
3266
786
853
1606
3665
4415
1764
1641
303
4459
534
2619
3857
5170
949
3233
2403
1568
2628
648
2003
5224
3280
3887
3924
5887
496
2977
2724
5998
3421
5657
2427
687
4532
405
4537
2162
4324
5222
5326
1891
374
1920
2698
1577
5467
4189
1667
2663
2842
4342
276
5729
1266
1020
4951
4542
3199
769
141
1094
883
494
2960
5512
422
5044
5078
2877
5893
4798
4244
2324
416
3940
2258
2574
683
4566
964
2410
5509
4592
1005
5739
2386
4148
541
5888
1449
4766
4635
552
5053
903
2453
2140
5693
3586
3205
2643
5882
811
3716
1903
160
5904
21
4108
4666
3981
2175
851
5655
169
4368
5802
3533
732
2230
2650
4649
2556
515
90
5155
2265
560
4538
4055
2159
5103
525
1663
876
2372
2373
4640
4747
4727
1647
4460
4643
4328
1634
3227
5062
1755
4265
3263
3313
2919
805
5407
1753
847
4684
3498
2333
1290
4827
4812
5265
2514
4267
1198
5160
646
4521
1609
4002
2000
5312
2261
4993
5251
551
4885
5803
1360
418
4511
4809
417
2106
3991
3010
866
48
5569
5718
2815
5353
3715
400
5588
5425
3442
3051
2123
4613
3189
3452
4317
1411
4271
677
1238
4842
4291
1819
5257
4377
3356
889
800
4202
3654
3530
2910
2749
3517
3443
3020
719
2539
2705
1885
2578
3432
3174
2494
1191
2041
1898
468
4424
1756
4449
4175
3863
34
5132
3950
5376
4087
570
4090
112
3974
4831
5619
4370
3324
1051
4949
3429
3008
3448
5125
242
1267
5699
192
5990
4421
5010
186
4374
2071
5106
1670
1945
1852
2352
3562
5502
2568
1303
1342
2209
1044
1214
1989
5269
4586
2796
5999
3898
5496
988
4292
1467
1328
1132
1765
5962
70
2848
562
171
1212
3347
3267
2081
5479
2047
5503
3731
5112
2728
1463
4110
601
1742
2933
506
5963
4334
2855
2719
2963
1922
3690
5737
5124
4753
4620
1103
1040
3269
2376
4991
728
3972
2248
2776
803
4357
2689
1174
3465
1615
5631
4571
429
4823
1762
481
3000
4311
2957
2636
2983
3948
4188
2032
2631
4083
2989
5138
2521
2067
5549
2064
664
1022
2916
3688
5090
4933
4495
2976
5048
1296
2021
3607
5913
5458
134
4588
5745
3674
2369
5418
4550
2920
206
5865
3638
1154
976
4763
2598
4895
3437
1672
5207
4816
3028
4737
2696
5176
5001
3123
2193
4646
2973
5957
1630
4768
901
3371
3990
2101
4473
1273
1767
3746
3286
1168
3598
2249
977
3234
5623
3873
2477
2160
4942
2879
1703
1484
66
1384
1913
4151
3633
1525
128
4608
5416
520
3177
5589
4457
3119
4678
3820
2267
1014
1242
654
477
2725
5171
1042
1625
2714
1772
1868
1380
1787
2221
4524
2419
5886
5859
2789
2678
1151
5951
2300
839
744
3536
5683
2778
3768
767
3305
1479
84
2517
294
2808
3624
26
3733
3710
4419
111
241
2364
1441
2969
1401
1061
736
1930
571
1645
3078
2560
2700
4956
204
4337
5024
1907
3511
802
4213
2017
1481
5025
1378
5814
1171
4103
3790
4171
1850
102
1156
1631
3757
2863
3729
3185
2232
4275
2787
449
22
1104
881
5469
1738
1395
5284
4703
460
2053
1830
4260
1821
5032
5460
821
689
1896
5596
5695
1669
4437
3619
4976
2894
4180
2860
1751
4389
4660
2857
3135
5858
5484
1786
5801
5682
2754
4822
5852
443
5210
3714
1875
1414
5864
325
1015
3458
4851
3557
2379
122
4082
915
1147
3086
3583
2823
3053
4544
4231
3509
5587
3213
2797
4701
4099
4114
3133
5489
5042
3079
2339
1222
3390
5362
5142
1601
3457
4598
2048
5039
2652
2544
5766
863
2152
827
2305
2880
3376
681
3372
198
3653
293
384
5487
4710
2491
4181
2234
386
1447
533
2828
5853
3052
908
3309
522
1140
4735
2033
2212
4105
3628
923
5756
5862
4063
729
4732
1534
5074
4058
5245
4423
5647
314
1239
5543
4913
1381
1974
2266
5432
1244
2201
2530
94
5428
1157
3601
80
4379
2788
4693
2509
1749
3814
5406
226
1538
4663
5195
4344
5360
1236
3615
2504
2368
4577
3121
679
1578
2286
86
4489
2684
4186
2897
990
1622
5838
2658
3882
4229
975
2995
2382
17
1186
2825
4348
2616
3159
969
2932
5698
4896
1053
3069
77
1362
4796
4402
4657
1799
2908
188
3101
5263
5645
5785
5983
5592
5151
2171
5161
5316
5921
5924
1256
626
780
29
1637
673
4805
4981
880
452
4501
1302
655
4230
3268
4605
5246
1458
3270
2552
1283
1464
5375
100
1571
2121
5538
2762
5441
5659
2466
2174
818
3491
209
76
907
1093
3929
575
5372
1017
5322
3552
2747
2051
3377
5054
4057
5109
2350
4343
947
3143
2415
5104
2911
3299
2501
5849
1815
5578
3900
3175
3547
917
4095
4741
3339
5850
3378
4363
2173
4957
232
3482
2730
1671
5988
3311
5328
291
5080
4115
3328
2981
2595
2059
1192
3719
2312
1398
4754
2791
3732
4233
518
3279
737
1768
5517
455
4182
631
5523
3671
2600
1503
1200
282
1559
4583
201
1585
4436
4952
2093
5166
4455
779
2277
4504
2694
888
3982
5764
5145
4820
898
96
3618
4079
3292
4417
1382
2669
3485
5186
5626
4916
4416
5070
231
2751
992
4405
1451
1628
3156
1693
5450
674
1099
733
2200
1444
572
1888
5184
1957
2444
116
356
4210
3705
861
5295
2068
5880
5357
2588
4026
600
3526
3868
5408
5401
5266
3399
5818
2402
4576
3106
5738
2782
5778
1530
3620
934
2608
1985
98
1878
1209
2681
563
3999
3392
944
4200
322
2043
632
3626
224
5011
1834
4118
536
1934
152
4021
3663
2037
1535
3140
5069
3794
4464
2035
1320
5476
2314
3904
5610
4546
394
216
2260
4573
669
5982
4999
4336
3608
475
181
602
4306
4615
893
5099
762
1254
3503
1727
1272
5278
1000
3098
2968
5302
750
4861
5098
4564
3357
5442
5702
486
4534
4330
1393
262
2834
1679
4242
1452
99
3853
4531
1119
2592
4408
807
2438
1718
5466
4217
2227
5547
5427
85
3366
5426
4015
4675
5704
2793
5200
213
1195
3315
2141
1175
5570
2476
5268
4300
1924
613
5993
5931
67
1278
3770
4824
993
4319
2155
1939
4513
6000
1721
1058
4539
5741
307
5906
4161
5402
2359
3401
1617
5310
2756
594
5444
4888
4033
652
778
2781
1811
592
1623
4372
618
5980
616
4251
879
1964
3215
1607
5474
4589
4221
3111
1697
5027
4322
3460
2867
1965
376
3129
4954
5485
738
1781
1263
1722
3113
1632
4668
1969
1306
2729
3154
484
1367
4157
2770
1716
4160
1855
1128
4201
4581
5014
4102
2809
2239
287
4038
5228
4031
4272
5664
3668
2734
2625
4535
433
5968
5482
593
708
5938
5883
5344
2876
2108
2870
2527
64
4690
912
321
3030
696
2950
3495
2948
1874
4443
1952
970
663
4243
2435
1423
2903
3201
5201
2811
5636
5525
37
3821
1243
3875
1129
2351
4974
2519
1638
5143
4376
945
4860
3911
3759
1936
2774
237
1927
723
5123
1111
3508
3207
1077
5910
3387
2384
3108
3407
4094
1351
937
5055
3764
2597
3342
3265
2798
4526
375
5026
2670
103
5133
1289
5300
445
5347
2913
5187
806
4276
1866
1754
791
2331
5440
5611
4750
1711
4420
5949
1960
2115
3784
1397
3126
1884
2794
5396
5359
2122
5240
1701
330
4283
1081
5621
2980
2317
4647
1904
4945
2102
3919
1887
590
5230
3015
3837
264
1968
3819
119
5034
3952
2822
5923
2944
3788
3065
4173
5127
5208
5181
1983
3332
2640
1590
1326
748
2262
4853
2890
4227
2510
1327
498
1288
997
1542
4017
5613
887
1775
3481
3843
5752
4270
2280
5800
3475
2515
3236
5066
4390
3777
2641
1415
4905
260
3088
5604
2107
2142
491
4982
2163
3644
5964
852
4036
5093
1188
4279
2769
1935
2029
1105
2061
4758
3969
474
4259
4414
1090
115
5051
2802
398
1700
1
3016
4361
4595
4556
1506
3855
4865
495
3779
5795
3540
2168
4384
20
2411
1962
2991
5298
4392
3738
272
2541
1823
4397
5437
285
5787
3502
3883
5526
3932
3216
3958
5412
5287
1556
3545
2601
1732
2851
362
874
4565
3281
4862
3278
747
788
2526
203
4164
4931
35
2582
3158
61
5193
5505
5404
4543
2103
5760
2999
1689
4807
3921
1773
3656
5582
547
5966
4467
2806
132
2450
1948
5121
1437
1800
694
4645
38
4046
524
5708
1107
1516
354
1953
4296
1434
5226
4600
2605
675
3470
813
928
118
2691
4781
2817
3435
3774
4088
1971
483
1869
3813
2301
4890
3307
3373
408
2609
1694
3087
4934
1653
402
1980
2325
910
5899
5447
2620
412
2528
2508
3499
3988
3226
617
521
162
3211
3471
1736
1311
1788
1477
2707
2275
3756
390
1549
3828
1062
432
2845
3276
4648
1648
1355
4048
3182
2520
2176
5114
5017
2507
4179
1271
1315
3090
3830
3782
5137
5282
3445
220
935
4139
971
2629
3872
1048
3501
1651
2731
441
5874
670
3906
5234
1839
1961
296
3049
2522
5580
1915
3588
371
197
3561
2982
2099
4147
3094
1938
5140
4825
5731
195
1281
3494
2448
2576
2532
3254
556
1418
4409
4619
3289
1806
215
776
2394
918
278
4003
3978
5457
742
4549
5677
680
2185
5870
4167
471
1340
163
1375
2529
1352
4158
428
2538
5950
4517
3816
2467
2979
3047
1177
2516
5434
2154
2082
4394
4064
146
4143
1113
5045
3983
1826
336
2929
2295
4787
911
3061
5015
942
5793
1780
5259
3941
3235
3186
1682
653
4183
3058
5229
5203
5730
2254
461
4255
526
2804
1460
5555
5077
1871
3975
4614
1909
4779
2555
248
3892
5633
5185
5510
5063
4748
2659
833
1253
4126
4757
1558
4025
1686
5544
1527
2562
3787
399
4481
4431
53
4743
1708
5237
312
2546
4644
350
5343
3415
741
1223
5092
3059
5726
2655
3115
5901
4471
4257
2219
4512
5480
4010
2914
2635
1683
845
1946
1505
27
3130
415
4009
2753
3737
3459
5334
4150
2723
3659
4563
4868
1232
5206
3080
4366
555
1613
5562
2181
5382
3428
5227
2242
3420
505
5332
173
4720
822
3282
2443
2849
2143
5680
1649
175
3581
3017
1365
637
2483
583
4232
247
2748
4044
2518
4765
678
1189
5199
1977
3645
1531
2930
589
1138
5609
2166
5043
3361
4475
1345
391
3165
4448
4222
4969
1049
4958
5046
2433
5595
3383
4174
2334
2958
2095
1421
3013
4625
3609
4989
3091
316
2287
4204
1856
164
5940
3402
117
1317
693
121
895
4975
2429
1097
2153
943
5788
3635
3379
1433
2869
1110
5194
5804
4553
5672
1363
4375
361
1517
2862
1575
381
3430
3845
1369
1001
123
1817
5153
4312
1324
2144
4990
959
3024
2624
2042
1928
510
2988
4877
447
4689
1056
1661
5945
202
3326
4887
31
1550
2987
5342
3826
3444
5082
1293
184
4674
2540
2284
1741
1181
658
3026
69
4769
4483
5536
4149
2282
333
2263
28
5675
3529
2426
1228
4880
3195
5141
5243
3832
2235
9
178
180
1563
5750
4971
2217
909
4695
5841
5669
3136
4212
4698
3238
4069
3891
2602
5498
5942
3894
4871
5449
3793
987
1848
3802
3860
1892
5387
1798
1465
5371
3247
606
2780
2151
5984
263
5855
4382
5403
3593
4520
2898
1488
3422
3673
1873
3302
765
3483
4474
55
5037
2996
2623
4654
1118
1804
366
407
3364
734
2554
2758
5977
5572
95
771
830
1231
2449
4516
953
1501
5293
1611
2905
4761
1213
2891
4963
4215
1159
110
3839
3056
749
3979
2873
4287
68
2760
2755
3745
1286
4925
4438
2288
1758
3515
4162
3836
2715
1593
1809
2838
4762
4049
39
1082
1230
3103
3152
899
5771
3914
3396
4788
1150
645
3031
5462
4864
2965
5335
2790
5219
787
3913
4584
4447
3792
2011
5354
3219
3229
2297
4246
4604
684
1836
3559
3346
5351
814
1614
558
125
1403
5958
3915
1493
3242
2439
1668
3419
30
557
1886
5575
1173
4329
3525
789
3035
3097
3066
5812
2946
338
2813
1695
5223
4235
1564
36
1217
145
3464
3295
5905
1096
5978
5606
2006
796
3666
290
3486
3939
49
1121
5971
331
2492
4432
1724
2007
2387
2117
2063
4596
1164
2984
4261
508
2253
1861
2054
596
1914
591
3646
2590
2342
3806
4700
1901
1690
2127
3054
3288
5261
4618
3591
5706
4889
1879
5867
4274
4304
500
2471
4903
3938
295
4729
5319
480
2939
1425
2952
5725
5386
18
3285
4793
3945
3367
5554
3362
1245
2687
5
739
3150
2978
2746
4783
1346
5150
4239
1997
1845
3038
725
3637
1612
3895
4752
3884
3382
427
1662
1063
3908
4208
824
2536
133
2627
2900
4995
966
2683
554
462
2970
2883
1728
92
2131
1255
3374
3334
466
389
5435
4346
4841
3590
860
2827
3747
3897
3249
546
3155
5790
3385
1036
5384
4124
165
1867
5747
2406
2617
4465
5177
1165
3670
1717
621
5809
60
4655
2922
1130
2349
1241
831
4451
2904
1216
1583
5597
2819
5178
2569
5338
5892
2250
4128
1791
5844
568
75
3994
2385
4794
4874
1348
1541
5539
5902
2139
2336
249
126
4034
3867
5504
922
5780
2313
2113
1010
1521
1595
4884
1863
2182
5299
1083
1633
1102
865
2945
1308
3164
2685
2459
2120
3689
406
2119
425
2711
2015
3532
5671
2205
5608
5797
280
3210
5777
5837
5583
4362
5264
83
340
2511
587
5644
4503
3549
6
5202
3660
3931
2993
622
770
1028
2547
2452
4100
3477
490
1618
1142
846
3992
5410
1070
3823
4395
4067
5992
3997
1733
4656
3274
4373
478
255
5213
5260
5320
492
3727
5551
5023
4828
5733
4519
1446
5585
1225
529
3153
1986
3949
5149
261
372
74
4365
1445
4717
464
2457
1101
4355
2906
1692
1908
4696
4960
2646
3831
4045
1257
3815
3613
3109
3137
473
410
2442
2854
3528
4165
5754
5638
667
4393
1838
208
5012
3025
4470
4804
5676
4829
2648
4691
4327
5605
3441
5000
2633
784
2056
3161
4129
250
2423
2548
3518
2585
4290
4006
1161
1654
2169
4266
3064
3002
2801
2706
3838
2833
4442
2246
5197
1673
2078
3478
1917
3327
5452
5528
2363
5189
4116
1016
4555
577
4955
1911
5118
183
4972
1095
1137
2455
5355
3172
2207
3473
668
823
1354
702
3713
2356
5007
2347
5061
315
4075
3696
4997
1608
1560
187
4622
3556
3824
1591
2974
4144
2923
1294
5568
3808
2079
4919
1943
1350
1291
3436
363
2665
2316
4302
3704
2245
722
4677
5148
2488
1226
4371
4570
519
4480
713
2830
938
5709
5674
1919
5368
2709
2909
104
2136
2674
3424
4011
5806
1300
1078
2299
4682
3068
3001
2329
157
1075
4876
504
4847
3012
3555
4996
5651
2434
1508
3861
149
1248
2852
309
5805
2318
3695
5603
423
3045
2147
5420
3827
246
5955
45
2853
3096
2487
1512
1207
4061
179
4005
3962
882
2458
3039
5948
5446
317
5470
3353
926
783
3877
5550
4983
4560
764
5976
4236
2183
3724
4065
1916
5064
3573
1368
3027
5156
597
3796
4430
4510
3043
3980
1285
1034
2148
1981
3151
1439
1797
1570
2893
2188
1790
588
4907
1881
4594
32
3370
775
566
998
5285
636
3986
5038
4840
3329
4456
5564
3398
2231
4422
5220
2010
5900
2014
5101
4084
2058
5715
4137
1123
4914
4152
1747
1642
5705
5825
470
812
4728
286
4407
4742
4280
3157
2653
5507
458
2482
2074
697
2135
5991
5688
5033
4548
1287
4852
2110
4561
4281
2381
252
136
2784
3507
5970
2149
659
5869
499
5798
2390
5346
3596
1795
2269
3393
93
4240
4792
4558
4629
54
2717
2409
4522
1487
875
3003
2972
4557
1485
4854
3489
1183
3221
419
1004
3102
5994
5439
269
1565
2936
1134
5833
5722
3391
3120
4626
4870
5829
614
2337
5556
259
3692
3116
3685
4496
1627
826
5877
4085
542
1135
5530
2750
3230
2997
2306
1356
4104
4028
3076
5553
1803
2861
5903
611
2775
4450
896
2956
4335
326
4909
567
4540
4718
4490
3995
610
867
5933
2745
3425
385
440
300
4881
313
3803
4714
623
1182
3412
5947
3320
352
1984
2499
5405
559
4749
3791
3548
1370
1979
5762
3640
3343
5981
2704
5934
2290
1117
1265
3093
868
902
3105
2573
3050
3257
2871
1726
864
3467
4740
5349
2118
3721
2561
1704
5016
2565
4039
4515
933
1865
3720
5022
5463
3063
3196
3228
1041
1043
5110
842
3506
4946
343
4196
1126
5068
4609
5318
2503
4819
3
5249
5256
4932
1808
3004
1089
3351
364
514
5808
5276
3558
2677
174
199
2736
1543
2294
1133
581
999
1562
5499
4770
3400
651
2004
1430
4027
5459
5662
4293
1390
1268
1100
635
2311
5641
886
2100
1122
4388
2195
5721
2994
3752
1573
4910
1471
4042
3487
1074
3896
5851
4132
2224
2358
3107
3198
1330
3127
5546
832
5247
4578
3484
5937
5211
754
2959
1580
1970
4440
561
4452
4603
3138
4484
2545
5673
4959
958
1551
939
3963
816
3192
2445
4980
5985
1250
383
1520
3927
5057
489
4228
4899
5599
4833
245
166
5890
4915
1469
1792
4446
5253
579
2308
1929
3243
108
3146
840
1478
2361
5488
4444
4562
1640
4224
137
105
2486
2083
5830
3893
5581
2184
2365
3725
1153
2440
1906
3081
4053
5292
2613
4008
3261
692
1280
284
11
258
2370
731
3834
3694
892
62
5898
2005
4308
190
2330
1057
155
3848
4396
306
4844
1770
365
4427
1229
3597
2388
4316
2740
1459
573
1304
760
3472
2647
856
628
5743
5879
5252
1054
5491
5242
3380
661
5681
5083
3208
5190
5309
5317
4799
1249
0
5378
4205
196
4726
745
267
3397
859
3246
5713
4059
2346
630
1664
46
5919
5254
4911
1918
961
2463
5497
3537
4944
4961
2070
5394
1336
2211
2469
1844
1495
1187
5052
4146
2874
4111
3476
5854
1435
1114
5453
3675
502
4699
3191
4429
4121
320
3212
4811
448
1205
3758
33
4920
5162
5130
4898
584
5131
2525
4815
4630
4127
5972
804
2924
2088
1588
15
4867
2682
5472
218
3630
4142
2572
3271
2189
5389
4802
5717
5917
711
4077
1890
2291
5857
4719
4320
5028
982
2327
1085
5451
3773
1882
5732
1923
5560
1035
5073
5301
4307
1497
5628
1155
1849
1796
5974
2354
360
3818
3611
5088
3865
1714
1810
5827
5414
79
2720
1785
1499
2938
3434
2421
3711
1240
2710
4168
3996
2215
2031
3190
487
5712
1428
820
3629
2531
1858
3335
1371
3255
2038
1055
2975
4125
5454
1047
1438
5813
5067
4492
2662
3322
5831
1473
4428
3835
925
3104
4223
4545
3193
4264
244
4567
4686
2657
4051
773
5305
3073
1011
5152
4134
4856
4839
1619
578
2197
5209
2177
3809
3469
3846
3942
2233
3384
5566
4193
5094
4917
2190
877
2697
991
5573
4623
1739
301
5049
2208
5563
4908
662
3256
1894
2971
1373
5214
2196
828
5686
3639
4315
955
3740
4156
2807
3071
2223
5987
3237
4360
4801
1427
106
4716
5687
4528
5267
344
2671
2771
1301
1675
5448
3018
2326
4998
4875
3239
5250
4780
4109
1021
4965
5175
5157
3841
2461
1012
42
19
2425
629
3535
2116
414
1782
281
3410
641
5324
2990
1466
1684
5056
2785
3438
2818
472
3776
3989
2465
1942
5358
4992
3125
4886
1197
4123
2579
2985
1761
5164
1060
2840
930
5794
2273
476
730
3973
4194
2986
1321
5514
4683
4249
221
4485
3197
1592
2693
12
854
3273
3964
3890
4340
5776
3453
4461
4950
5146
5216
3160
5627
2596
695
825
4425
3531
4050
5861
2732
369
2716
1847
1347
1366
5540
4237
1921
1735
919
151
5182
869
1486
5660
605
3386
1524
4285
4364
251
5707
3571
114
467
5136
4568
2134
2022
167
5438
3204
488
5508
4547
5791
2673
2264
2441
940
235
438
1514
3466
159
1316
2126
5079
227
131
5936
857
3314
3869
3577
3538
5775
751
1312
3304
4927
3099
4676
3916
4923
3647
1124
3636
4247
2737
3817
3145
3022
1620
4935
1840
5915
456
1827
1086
2686
850
3864
1341
5665
968
2076
1646
4790
2133
4145
3250
1993
1112
4041
1851
2998
3722
3885
5486
5927
368
2400
2172
985
5158
634
5767
5753
4170
5478
4399
2424
841
2289
348
3312
5943
5557
4970
3683
4930
3718
431
4214
2768
3021
1419
2167
5511
3903
1600
3217
5574
4597
1522
1206
3926
3019
147
1610
3479
229
1877
442
2077
4786
758
688
4403
299
2680
3318
3789
3350
3416
721
4313
3095
4040
756
403
3166
4505
2348
5271
4882
191
351
4574
1784
752
52
844
4016
4929
2454
1149
785
3447
5973
5475
3463
4978
639
1931
3701
3308
1533
5205
5710
1814
5035
5374
379
2875
2198
595
5272
4001
1194
4463
253
3225
5571
3953
2921
4135
4154
4352
5622
2800
3344
346
746
3778
359
3566
4404
3799
5424
5399
4299
3041
4665
3488
3520
436
5163
3418
304
3905
1400
2472
3812
4256
5325
1406
5422
205
1586
759
2478
5455
2699
1832
3912
2296
3006
4857
5768
4712
1841
302
5198
3709
2437
5748
4297
2672
3634
921
1561
2594
5845
1982
989
5423
2027
4509
357
5784
2799
3206
5527
537
5815
2341
5522
4902
5311
1624
5979
4071
1794
5692
4938
5167
1470
3946
1125
2918
5561
3325
1685
2881
5909
482
1235
3767
1523
4347
530
4641
3060
1681
2292
2146
4639
5894
3754
5545
884
1688
3504