4964
157
2374
3617
2833
2413
388
3642
3468
3331
2537
1830
4923
1718
333
2120
1995
4365
3618
3234
3992
11
1341
4240
824
190
165
2012
3772
3897
3739
1206
2354
1785
2670
1698
4066
2100
702
2502
2741
3501
3200
4704
1258
726
3735
1149
4595
4068
1867
3239
4613
2553
1829
2952
2761
3202
2866
1203
2202
3605
3012
1236
4020
2163
4789
583
4252
1445
2341
3515
2242
1454
3102
3128
3607
4747
4482
370
1621
2132
2632
397
656
469
379
4192
4535
4785
4074
430
3177
4280
393
1130
4827
1716
175
1389
4509
3621
510
441
4353
434
628
2957
1912
936
580
3023
426
2131
3378
4399
1662
2859
2189
1797
2750
3101
3793
3494
4925
4079
1213
1279
2503
878
4977
2340
506
1854
2513
946
826
3196
1230
3063
2209
4569
3649
4937
3492
4784
3827
1777
3041
3475
1397
1251
1759
2167
2984
1315
2851
2450
481
3979
472
4430
991
697
2473
3435
1320
1180
4895
4169
2911
359
2782
875
118
830
4677
4072
2715
3919
3287
827
3593
2539
867
4654
363
3160
3894
349
2249
3337
1907
1199
1526
4689
2364
2411
647
1650
3766
2628
4942
1276
2392
1158
2282
74
335
3171
204
132
2518
3125
4200
166
2641
3702
3569
2109
2533
1300
3313
1081
4265
211
6
799
3079
1668
3551
3913
65
3408
4934
3790
772
1313
1117
257
4909
3226
1545
3836
2654
416
4404
4838
2034
3810
3804
2570
1114
794
194
623
3615
4751
3147
2568
3971
3031
4149
60
4379
3490
4989
972
1683
3486
184
940
2128
3423
4111
1965
4850
2501
1922
4103
4224
2482
2751
2406
122
3725
1017
831
777
4517
226
3340
529
3937
1575
1480
1989
18
1062
2435
1233
2152
635
1942
782
3478
4045
1856
3712
3638
2978
1709
4725
945
3464
1762
1788
2252
206
4219
169
4504
4508
2658
3074
4683
556
4457
1581
76
843
4856
413
1482
2645
1164
2666
832
903
2825
4573
2075
4828
4131
3794
364
1811
338
1100
2258
4706
2014
3932
4914
4567
3344
3181
4004
4362
1871
2429
4443
105
3720
941
616
1264
1394
2561
4560
1673
3054
4300
1248
4803
1556
1449
2053
2494
1981
965
4282
1857
2489
3612
343
3848
319
1368
3578
1504
2932
3951
4201
2894
957
4571
3360
4577
389
1376
2783
1257
2480
2319
3235
4684
279
1456
1179
3704
470
4230
2758
605
760
3292
307
3534
2313
1145
4357
3187
1042
4434
2976
3233
1974
2308
3669
2080
4908
2215
717
4582
4108
12
4003
3613
4212
2422
836
4588
4326
200
2335
2588
1430
2881
3637
2512
2049
924
273
2272
2527
1452
4816
4318
4696
1808
4014
2312
4556
802
754
4585
3987
2771
4621
1671
2563
4122
1181
745
1783
3652
3215
4749
3297
3249
2928
2470
2116
2295
4885
4375
156
2821
82
1688
4744
2097
2805
3768
2990
1290
4742
4229
4237
4308
4302
502
825
1705
1286
4563
3667
4907
2756
2038
4755
383
4904
3381
756
503
883
4180
3519
1757
4062
2828
3997
3767
4140
4431
4651
3990
1183
2868
3645
238
2043
2871
1467
2662
2253
16
758
753
3925
2920
776
4343
3870
1091
1465
1040
1664
3931
3357
1855
2845
4514
3469
1363
1952
3217
900
3430
4048
2416
1294
3749
3065
4507
2145
3391
4208
1538
4591
3757
1355
4336
2309
4238
197
4830
4445
4197
1505
2088
3237
345
1071
683
4018
2375
3729
4393
3182
1288
3831
1798
420
4604
4063
1499
1823
1260
4888
3553
2927
4804
3256
97
4411
1681
4246
3382
2039
3935
4538
2029
1489
1537
4849
963
577
4232
1731
3170
4965
1721
4228
4421
2499
32
586
4813
2457
3700
2425
4042
4877
4940
886
4396
4416
2584
4267
951
3411
2119
1623
3278
1774
3835
1794
4928
2747
116
1243
2187
92
1382
2437
1303
1940
3770
3021
2233
3286
4655
3334
1714
3014
4917
17
1906
1800
1379
4490
3625
4184
2430
2223
2687
868
559
939
4568
138
2478
1406
4649
535
3271
95
2170
3695
4778
3223
3947
2305
1713
2466
4013
3077
1216
2452
1961
1410
3708
3392
1978
4966
3049
992
189
3274
3409
2316
3003
146
2733
2003
3216
2201
2998
3609
4084
2955
2434
246
2487
1381
1963
1469
3388
4147
483
1262
2719
1366
392
935
1124
1585
4157
4181
3857
3945
439
4174
1472
1506
4036
2294
2095
1880
989
1351
55
3899
2321
4177
3326
1635
2936
456
3075
2121
4439
3164
265
3868
1226
685
3368
587
2604
1132
259
2165
294
2716
2208
3463
4575
2259
1405
2481
2301
1976
1083
4465
2755
3583
3821
1093
2816
2471
2679
2892
3436
199
952
2924
4692
1953
3532
2245
3628
1307
3995
3380
1752
2020
3807
3715
1810
4386
4900
2031
4920
4361
375
1691
331
477
3401
300
2069
1932
1993
2506
4729
1340
2445
3993
1971
4757
3572
3254
701
3906
2148
1750
4676
1141
2799
3203
1624
1755
1902
4337
3933
4665
2776
4242
1393
709
820
2854
4022
3277
4173
959
142
1475
670
1096
3474
3306
4701
1535
1329
3511
2099
4037
1789
3275
4083
3977
2405
3716
3866
3944
2035
3855
3445
2251
3242
3686
3791
1586
1098
4876
4738
4204
4518
4787
2395
2002
2296
468
4995
3134
1596
1321
4370
4172
1102
26
899
3427
642
1468
1222
4533
1816
4584
629
1306
4540
1031
2397
4198
4722
1225
4597
1170
2808
4968
4539
4858
1153
3705
919
3153
440
2169
3619
236
3851
3199
705
796
373
1374
1733
2712
70
3212
2164
775
4566
4135
2665
819
975
33
2307
847
3588
1362
4059
1079
458
1036
396
2727
336
1401
2813
3802
818
3798
476
2852
3166
1618
4008
2369
624
2983
1085
872
444
4183
278
1070
3175
3258
1474
4640
1893
495
1063
1076
2637
3191
1346
3753
367
1316
3504
1725
3761
798
1776
3912
2093
3604
3854
3808
4872
1395
4530
4289
2227
1875
4162
1177
4213
3349
1369
4748
2255
2318
4395
645
1590
553
3727
719
2540
1972
3500
2594
2766
3548
1740
3071
1647
2522
1414
1427
2098
4319
1360
4930
3040
768
2538
4913
2107
1599
49
192
1819
1951
1507
1210
126
3496
3509
2360
871
1392
4011
3090
1446
2904
1342
968
4086
4932
131
4846
4740
21
1090
987
749
2366
3722
1485
630
4622
2328
3371
2743
3214
2071
4790
2508
2784
332
2160
2297
2040
2052
2225
1807
1512
1680
1832
401
4864
2409
1192
312
3670
2436
66
4906
1632
84
1542
3740
1056
976
3606
4167
4702
2558
528
3960
1293
1636
2867
2281
1853
1654
3042
627
1645
3204
4002
314
1949
3144
1490
4893
1710
3815
4454
1005
1687
4355
391
3891
3179
3419
4705
3629
3557
3805
1408
191
3375
1508
1720
1874
3998
821
4420
2115
1027
4483
3966
1569
2139
2205
3168
2127
795
1495
4690
2424
4745
1903
591
4448
1267
4364
1337
450
2344
2943
4998
1576
649
1312
720
4040
4606
403
4312
2812
4207
2967
1358
1566
2616
1619
1323
2720
2749
2496
394
1557
473
4094
3453
3503
2676
2801
3830
4403
4724
4727
4303
3748
1318
20
342
723
2767
4089
310
2427
551
881
4385
2448
640
2346
2614
964
4570
1957
4330
2586
882
4809
1782
4899
3963
2841
1099
1751
1741
3803
3410
4315
4596
4417
2232
115
4113
4247
461
4598
2974
3449
3608
4953
1140
1890
3062
1123
4266
3152
1025
428
3015
2686
849
3422
2113
4321
3514
1353
1126
203
1037
1685
88
2703
783
4586
1338
757
1498
9
1900
2280
4433
4962
1804
1898
1626
2618
2882
3323
1012
1032
597
2765
1500
264
170
2325
4124
4521
2574
4409
2287
4176
3784
1001
4902
1066
1524
2646
4853
1045
2230
3302
2248
1826
4551
3407
3484
1652
545
669
4274
1822
2675
3841
4983
2793
660
267
3565
3817
3876
3902
809
4311
3008
4653
491
711
4984
523
3762
2356
1150
3751
4291
448
704
4432
1597
618
2893
1649
744
3590
1833
4218
3327
689
1790
2644
1354
3311
4646
1491
3523
4918
1990
2390
891
2347
1156
0
3107
3095
3846
3458
4378
607
4256
4896
700
4958
2846
1887
2084
268
1915
3752
1540
1195
2459
3892
1434
4752
1471
4710
2174
1043
4871
2217
680
4245
1375
762
769
4471
4524
1897
5000
2368
1588
632
4822
3267
3201
1814
3076
2056
4894
3832
3291
740
2621
3632
4631
3614
4347
3710
722
4926
2389
681
1215
1881
4425
2078
3980
1142
164
3321
4309
4516
1868
4236
3225
4601
3585
1637
3601
368
4694
2969
4458
136
3887
1799
3864
3369
2935
1515
3587
2207
763
1786
4477
2414
4076
463
2968
1018
3872
3020
4185
2243
718
2303
2122
973
4414
475
978
2334
1994
3098
1955
3268
2351
3599
3024
1622
4193
4121
2214
2691
3934
1435
99
3322
3145
4306
2136
888
2460
2548
3684
398
1246
3355
3917
4226
2764
2403
3354
4369
1532
4660
3843
365
2910
4254
1754
2142
4589
1530
3691
916
828
3362
276
4543
1460
961
3356
3707
631
3742
4158
1801
2798
3057
851
321
1398
1172
4792
4765
1021
3165
140
4759
1402
668
1048
4470
1872
1693
4141
1448
805
1979
4317
866
104
573
655
1494
3064
4829
1259
4821
408
4629
3130
1962
3396
3883
3238
779
4021
1328
504
1600
4502
539
2373
4098
153
3982
354
2143
3563
320
2130
2972
1817
3176
4313
2791
2331
3728
1878
3717
1845
1309
1655
4532
2240
3473
3432
4891
4768
1717
4874
3508
80
3476
2625
1073
4734
1704
2774
3796
4427
2037
4290
590
1699
1613
3236
4359
732
4703
2274
1060
3988
4882
3845
3849
1437
2017
119
316
4693
3276
1591
1163
3393
1072
2737
4837
2327
3882
4453
2690
3747
1543
361
3039
2626
4688
4515
4945
1064
3745
2640
3180
993
1748
19
2238
3403
1670
449
4991
910
4922
2454
3143
2611
601
292
2199
2173
1767
790
1107
4016
1603
603
2345
4341
3813
3732
4243
1166
1565
3086
3283
1844
3529
1610
582
1703
2888
287
283
937
2796
3530
1895
4334
3094
2288
651
854
3060
1918
4485
3195
3806
2326
4278
406
3865
1003
595
1894
532
1302
2261
634
4171
1864
926
2525
25
2975
1943
57
2870
4987
3329
2063
2060
2636
3253
2942
2147
3634
710
1470
4360
1502
4314
4825
1119
255
218
71
1724
3367
380
2656
1022
1939
3259
4144
4583
3826
1419
1377
4054
329
4273
3545
1370
4380
139
659
3439
1478
3004
4522
3970
2453
834
1522
4754
4143
3840
1547
3087
2455
137
3028
2835
2728
3304
3658
2804
2844
245
2777
48
3879
4868
4673
2736
4447
4812
3676
3230
2011
1417
4498
177
3029
3386
4398
1837
1676
3948
1223
1985
1008
234
4392
3335
3736
4367
3373
3314
3106
2631
3001
3043
2519
2869
4753
4873
3244
4294
2718
3312
893
4463
45
486
135
3898
1561
3518
4051
2680
4769
2192
4839
2958
4779
4639
568
59
3209
1167
2057
766
3989
1238
3694
2134
4824
2265
4671
4080
2066
2802
3308
2886
442
395
3491
1941
1982
3006
1137
2840
2945
524
4288
1732
3300
853
3524
3908
2922
3673
3562
767
4461
947
390
3100
673
1023
3973
2284
4344
2895
3801
159
39
909
2516
2023
3061
3137
3045
1334
326
4713
2993
3052
3017
2222
498
4351
500
1630
4715
101
3019
3823
489
519
729
209
4244
1135
2399
4954
3886
1929
3162
1865
997
3540
4880
4695
4699
2370
4408
1531
37
512
2398
4672
2705
4992
3462
2818
675
2146
4323
857
2532
734
1473
4107
3923
1074
3663
3953
4426
562
3674
2752
4519
54
2707
1327
4993
1609
2739
4293
2065
2706
3877
419
3438